// ---------------------------------------------------------
// IBM ILOG CPLEX OPL .dat file (Generated by MATLAB)
// ---------------------------------------------------------

N = 32;
U = 5;
R = 4;
MaxCrew = 2;

resourceCapacity = [14, 10, 11, 14];

K = [
  2,
  2,
  2,
  2,
  2,
  2,
  2,
  2,
  2,
  2,
  2,
  2,
  2,
  2,
  2,
  2,
  2,
  2,
  2,
  2,
  2,
  2,
  2,
  2,
  2,
  2,
  2,
  2,
  2,
  2,
  2,
  2
];

d = [
  [0, 0, 0, 0, 0],
  [2, 2, 2, 2, 2],
  [10, 10, 10, 10, 10],
  [7, 7, 7, 7, 7],
  [1, 1, 1, 1, 1],
  [3, 3, 3, 3, 3],
  [6, 6, 6, 6, 6],
  [2, 2, 2, 2, 2],
  [10, 10, 10, 10, 10],
  [5, 5, 5, 5, 5],
  [9, 9, 9, 9, 9],
  [4, 4, 4, 4, 4],
  [4, 4, 4, 4, 4],
  [2, 2, 2, 2, 2],
  [4, 4, 4, 4, 4],
  [10, 10, 10, 10, 10],
  [10, 10, 10, 10, 10],
  [7, 7, 7, 7, 7],
  [10, 10, 10, 10, 10],
  [7, 7, 7, 7, 7],
  [2, 2, 2, 2, 2],
  [1, 1, 1, 1, 1],
  [2, 2, 2, 2, 2],
  [2, 2, 2, 2, 2],
  [2, 2, 2, 2, 2],
  [9, 9, 9, 9, 9],
  [1, 1, 1, 1, 1],
  [4, 4, 4, 4, 4],
  [7, 7, 7, 7, 7],
  [8, 8, 8, 8, 8],
  [9, 9, 9, 9, 9],
  [0, 0, 0, 0, 0]
];

resourceDemand = [
  [0, 0, 0, 0],
  [0, 0, 2, 0],
  [0, 8, 0, 0],
  [0, 0, 7, 0],
  [8, 0, 0, 0],
  [0, 0, 0, 8],
  [0, 0, 5, 0],
  [0, 9, 0, 0],
  [0, 0, 0, 2],
  [1, 0, 0, 0],
  [2, 0, 0, 0],
  [0, 0, 6, 0],
  [0, 5, 0, 0],
  [0, 0, 10, 0],
  [0, 0, 0, 10],
  [10, 0, 0, 0],
  [0, 0, 7, 0],
  [5, 0, 0, 0],
  [0, 0, 0, 7],
  [0, 0, 3, 0],
  [0, 7, 0, 0],
  [10, 0, 0, 0],
  [8, 0, 0, 0],
  [0, 0, 0, 8],
  [0, 0, 0, 7],
  [7, 0, 0, 0],
  [0, 0, 0, 1],
  [8, 0, 0, 0],
  [0, 3, 0, 0],
  [0, 0, 8, 0],
  [0, 6, 0, 0],
  [0, 0, 0, 0]
];

predecessors = [
  {},
  {1},
  {1},
  {1},
  {3},
  {5},
  {4},
  {7},
  {3},
  {2},
  {7},
  {10},
  {4, 6},
  {9},
  {3},
  {6},
  {5},
  {6},
  {7},
  {16},
  {11, 15, 17},
  {10},
  {18},
  {12},
  {13, 14, 19},
  {11, 16, 17},
  {8, 22, 26},
  {9},
  {17, 22, 24},
  {25, 27, 28},
  {20, 21, 23},
  {29, 30, 31}
];

