// ---------------------------------------------------------
// IBM ILOG CPLEX OPL .dat file (Generated by MATLAB)
// ---------------------------------------------------------

N = 32;
U = 5;
R = 4;
MaxCrew = 2;

resourceCapacity = [12, 13, 4, 12];

K = [
  2,
  2,
  2,
  2,
  2,
  2,
  2,
  2,
  2,
  2,
  2,
  2,
  2,
  2,
  2,
  2,
  2,
  2,
  2,
  2,
  2,
  2,
  2,
  2,
  2,
  2,
  2,
  2,
  2,
  2,
  2,
  2
];

d = [
  [0, 0, 0, 0, 0],
  [8, 8, 8, 8, 8],
  [4, 4, 4, 4, 4],
  [6, 6, 6, 6, 6],
  [3, 3, 3, 3, 3],
  [8, 8, 8, 8, 8],
  [5, 5, 5, 5, 5],
  [9, 9, 9, 9, 9],
  [2, 2, 2, 2, 2],
  [7, 7, 7, 7, 7],
  [9, 9, 9, 9, 9],
  [2, 2, 2, 2, 2],
  [6, 6, 6, 6, 6],
  [3, 3, 3, 3, 3],
  [9, 9, 9, 9, 9],
  [10, 10, 10, 10, 10],
  [6, 6, 6, 6, 6],
  [5, 5, 5, 5, 5],
  [3, 3, 3, 3, 3],
  [7, 7, 7, 7, 7],
  [2, 2, 2, 2, 2],
  [7, 7, 7, 7, 7],
  [2, 2, 2, 2, 2],
  [3, 3, 3, 3, 3],
  [3, 3, 3, 3, 3],
  [7, 7, 7, 7, 7],
  [8, 8, 8, 8, 8],
  [3, 3, 3, 3, 3],
  [7, 7, 7, 7, 7],
  [2, 2, 2, 2, 2],
  [2, 2, 2, 2, 2],
  [0, 0, 0, 0, 0]
];

resourceDemand = [
  [0, 0, 0, 0],
  [4, 0, 0, 0],
  [10, 0, 0, 0],
  [0, 0, 0, 3],
  [3, 0, 0, 0],
  [0, 0, 0, 8],
  [4, 0, 0, 0],
  [0, 1, 0, 0],
  [6, 0, 0, 0],
  [0, 0, 0, 1],
  [0, 5, 0, 0],
  [0, 7, 0, 0],
  [4, 0, 0, 0],
  [0, 8, 0, 0],
  [3, 0, 0, 0],
  [0, 0, 0, 5],
  [0, 0, 0, 8],
  [0, 0, 0, 7],
  [0, 1, 0, 0],
  [0, 10, 0, 0],
  [0, 0, 0, 6],
  [2, 0, 0, 0],
  [3, 0, 0, 0],
  [0, 9, 0, 0],
  [4, 0, 0, 0],
  [0, 0, 4, 0],
  [0, 0, 0, 7],
  [0, 8, 0, 0],
  [0, 7, 0, 0],
  [0, 7, 0, 0],
  [0, 0, 2, 0],
  [0, 0, 0, 0]
];

predecessors = [
  {},
  {1},
  {1},
  {1},
  {4},
  {2},
  {3},
  {3},
  {4},
  {4},
  {2},
  {8},
  {3},
  {9, 12},
  {2},
  {10},
  {13, 14},
  {13},
  {8},
  {5, 11, 18},
  {16},
  {16, 17, 18},
  {20, 22},
  {19, 23},
  {10, 15, 20},
  {11},
  {7, 8},
  {21, 27},
  {19},
  {6, 24, 25},
  {26, 28},
  {29, 30, 31}
];

